teleportenabled: true
teleportauto: false
godmode: false
muted: false
jailed: false
ip-address: 192.168.254.184
afk: false
socialspy: false
npc: false
powertoolsenabled: true
accepting-pay: true
baltop-exempt: false
timestamps:
  lastteleport: 1721885009959
  lastheal: 0
  mute: 0
  jail: 0
  onlinejail: 0
  logout: 1721885028639
  login: 1721884597364
money: '0'
last-account-name: TacoD0gg
logoutlocation:
  world: 0ac66a48-0e5a-4639-a63f-36ef4db83d06
  world-name: world
  x: 126.5
  y: 64.0
  z: -112.5
  yaw: 72.47129821777344
  pitch: 15.837173461914062
lastlocation:
  world: 0ac66a48-0e5a-4639-a63f-36ef4db83d06
  world-name: world
  x: 321.5476
  y: 73.5
  z: -541.54816
  yaw: -2.082366943359375
  pitch: 51.527679443359375
homes:
  home:
    world: 0ac66a48-0e5a-4639-a63f-36ef4db83d06
    world-name: world
    x: 126.59053773697684
    y: 64.0
    z: -112.29952343625749
    yaw: 72.47222900390625
    pitch: 15.840411186218262
  nether:
    world: 048b1154-1c29-4dc6-92ef-380db06d50dc
    world-name: world_nether
    x: 111.37637527817053
    y: 12.0
    z: 108.44109229119357
    yaw: -17.97998046875
    pitch: 67.94996643066406
  end:
    world: 172b702f-7783-4caf-bfd5-cf5df36b18a9
    world-name: world_the_end
    x: 5531.475232130515
    y: 107.0
    z: 153.9404138871793
    yaw: -168.17193603515625
    pitch: 26.400068283081055
  museum:
    world: 0ac66a48-0e5a-4639-a63f-36ef4db83d06
    world-name: world
    x: 94.54198926927377
    y: 70.0
    z: -236.2714092859028
    yaw: -137.39349365234375
    pitch: -4.212358474731445
nickname: TacoD0gg
