teleportenabled: true
teleportauto: false
godmode: false
muted: false
jailed: false
ip-address: 73.92.137.245
afk: false
socialspy: false
npc: false
powertoolsenabled: true
accepting-pay: true
baltop-exempt: false
timestamps:
  lastteleport: 1721446140232
  lastheal: 0
  mute: 0
  jail: 0
  onlinejail: 0
  logout: 1721452066682
  login: 1721451057638
money: '108.010'
last-account-name: ahzayoc
lastlocation:
  world: 0ac66a48-0e5a-4639-a63f-36ef4db83d06
  world-name: world
  x: 231.37182933769517
  y: 65.875
  z: -125.05384407489043
  yaw: -29.99388313293457
  pitch: 10.629961013793945
logoutlocation:
  world: 0ac66a48-0e5a-4639-a63f-36ef4db83d06
  world-name: world
  x: 239.31993696390882
  y: 63.0
  z: -162.30000001192093
  yaw: -131.08709716796875
  pitch: 26.587331771850586
homes:
  breeder:
    world: 0ac66a48-0e5a-4639-a63f-36ef4db83d06
    world-name: world
    x: 178.5
    y: 61.0
    z: -88.5
    yaw: 86.34445190429688
    pitch: 45.64813232421875
  home:
    world: 0ac66a48-0e5a-4639-a63f-36ef4db83d06
    world-name: world
    x: 225.5
    y: 64.0
    z: -136.5
    yaw: 85.97683715820312
    pitch: 88.35502624511719
  mesa:
    world: 0ac66a48-0e5a-4639-a63f-36ef4db83d06
    world-name: world
    x: -2400.593917510253
    y: 70.0
    z: -711.4790081656301
    yaw: -162.78106689453125
    pitch: 33.14554214477539
  trial:
    world: 0ac66a48-0e5a-4639-a63f-36ef4db83d06
    world-name: world
    x: -1866.5698209304987
    y: -7.0
    z: -2601.374218576261
    yaw: 179.878662109375
    pitch: 16.387372970581055
  end:
    world: 0ac66a48-0e5a-4639-a63f-36ef4db83d06
    world-name: world
    x: -868.5
    y: 14.0
    z: 1386.5
    yaw: -5.286618709564209
    pitch: 89.38313293457031
