teleportenabled: true
teleportauto: false
godmode: false
muted: false
jailed: false
ip-address: 204.191.203.90
afk: false
socialspy: false
npc: false
powertoolsenabled: true
accepting-pay: true
baltop-exempt: false
timestamps:
  lastteleport: 1721894124057
  lastheal: 0
  mute: 0
  jail: 0
  onlinejail: 0
  logout: 1721894139421
  login: 1721882267182
money: '0'
last-account-name: CrozzoWaffle
lastlocation:
  world: 0ac66a48-0e5a-4639-a63f-36ef4db83d06
  world-name: world
  x: -533.448143582521
  y: 65.90805017315502
  z: -470.17671730156627
  yaw: 7.35699462890625
  pitch: -5.700353622436523
logoutlocation:
  world: 0ac66a48-0e5a-4639-a63f-36ef4db83d06
  world-name: world
  x: 2014.5783402113302
  y: -37.0
  z: 111.13833834256208
  yaw: -29.248607635498047
  pitch: 26.036304473876953
homes:
  mend:
    world: 0ac66a48-0e5a-4639-a63f-36ef4db83d06
    world-name: world
    x: 180.6499924722806
    y: 62.0
    z: -88.30000001192093
    yaw: 164.8529052734375
    pitch: 1.9499785900115967
  spruce:
    world: 0ac66a48-0e5a-4639-a63f-36ef4db83d06
    world-name: world
    x: 636.1750044656387
    y: 64.0
    z: -714.3609668521943
    yaw: -111.977783203125
    pitch: 5.399847030639648
  base:
    world: 0ac66a48-0e5a-4639-a63f-36ef4db83d06
    world-name: world
    x: 2012.4389630691144
    y: -37.0
    z: 110.54648646435113
    yaw: -96.14859008789062
    pitch: 19.436277389526367
  blaze:
    world: 048b1154-1c29-4dc6-92ef-380db06d50dc
    world-name: world_nether
    x: -853.8534950587929
    y: 75.0
    z: -383.0897283095742
    yaw: 49.07448196411133
    pitch: 17.10036849975586
  roof:
    world: 048b1154-1c29-4dc6-92ef-380db06d50dc
    world-name: world_nether
    x: -848.3295095689999
    y: 202.0
    z: -383.33938379491826
    yaw: 179.49656677246094
    pitch: 55.949466705322266
