jails:
  court:
    world: 0ac66a48-0e5a-4639-a63f-36ef4db83d06
    world-name: world
    x: 124.68390916149585
    y: 62.0
    z: -153.6836235446152
    yaw: 38.85108947753906
    pitch: 62.84998321533203
