world: 0ac66a48-0e5a-4639-a63f-36ef4db83d06
world-name: world
x: -2022.358
y: 80.0
z: 492.41788
yaw: 175.61761474609375
pitch: 8.46051025390625
name: armadillo
lastowner: 2d07a586-6893-44ad-85f2-156cfcc73a09
