world: 0ac66a48-0e5a-4639-a63f-36ef4db83d06
world-name: world
x: -978.69999
y: -24.0
z: -533.30001
yaw: -146.5625762939453
pitch: 29.304656982421875
name: bigolcave
lastowner: 2d07a586-6893-44ad-85f2-156cfcc73a09
