world: 0ac66a48-0e5a-4639-a63f-36ef4db83d06
world-name: world
x: 240.5
y: 199.0
z: -670.5
yaw: 1.548095703125
pitch: 5.613739013671875
name: Creeper_Farm
lastowner: 2d07a586-6893-44ad-85f2-156cfcc73a09
