world: 0ac66a48-0e5a-4639-a63f-36ef4db83d06
world-name: world
x: 218.53458
y: 66.9375
z: -218.59789
yaw: -93.99551391601562
pitch: 18.478561401367188
name: graveyard
lastowner: 17420cb1-ec96-31e0-9ded-085a45fff1f5
