world: 0ac66a48-0e5a-4639-a63f-36ef4db83d06
world-name: world
x: 38.53179295230349
y: 63.0
z: -190.4861049094101
yaw: -64.7996826171875
pitch: 90.0
name: Green
lastowner: 17420cb1-ec96-31e0-9ded-085a45fff1f5
