world: 0ac66a48-0e5a-4639-a63f-36ef4db83d06
world-name: world
x: 224.70366248356157
y: 64.0
z: -138.5977484065271
yaw: 58.200897216796875
pitch: 25.199979782104492
name: Hollow
lastowner: 17420cb1-ec96-31e0-9ded-085a45fff1f5
