world: 0ac66a48-0e5a-4639-a63f-36ef4db83d06
world-name: world
x: 87.5330017030138
y: 64.0
z: -325.734711120282
yaw: 170.78076171875
pitch: 69.96544647216797
name: Kasala
lastowner: 17420cb1-ec96-31e0-9ded-085a45fff1f5
