world: 0ac66a48-0e5a-4639-a63f-36ef4db83d06
world-name: world
x: -13.394979595733265
y: 63.0
z: -88.65781937771054
yaw: 7.4998779296875
pitch: 61.19993591308594
name: Kyle
lastowner: 17420cb1-ec96-31e0-9ded-085a45fff1f5
