world: 0ac66a48-0e5a-4639-a63f-36ef4db83d06
world-name: world
x: 20.64986
y: 64.0
z: -91.454544
yaw: -91.28865814208984
pitch: 58.90850830078125
name: Kyle's_Bedroom
lastowner: 2d07a586-6893-44ad-85f2-156cfcc73a09
