world: 0ac66a48-0e5a-4639-a63f-36ef4db83d06
world-name: world
x: 211.58394763860056
y: 66.0
z: -287.5121482366914
yaw: -171.59881591796875
pitch: 83.39997100830078
name: Lily
lastowner: 17420cb1-ec96-31e0-9ded-085a45fff1f5
