world: 0ac66a48-0e5a-4639-a63f-36ef4db83d06
world-name: world
x: 121.5
y: 65.0
z: -140.5
yaw: -90.72747802734375
pitch: 2.190195322036743
name: Old_Spawn
lastowner: 2d07a586-6893-44ad-85f2-156cfcc73a09
