world: 0ac66a48-0e5a-4639-a63f-36ef4db83d06
world-name: world
x: 88.51633577263588
y: 178.0
z: -100.53239637442869
yaw: -92.54925537109375
pitch: 48.89994430541992
name: Poyo
lastowner: 17420cb1-ec96-31e0-9ded-085a45fff1f5
