world: 0ac66a48-0e5a-4639-a63f-36ef4db83d06
world-name: world
x: 320.5726
y: 72.0
z: -537.51965
yaw: -94.0792465209961
pitch: 10.500350952148438
name: Pri
lastowner: 2d07a586-6893-44ad-85f2-156cfcc73a09
