world: 0ac66a48-0e5a-4639-a63f-36ef4db83d06
world-name: world
x: 157.4514090757008
y: 64.0
z: -169.5907862846475
yaw: 4.50091552734375
pitch: 17.24996566772461
name: Quarry
lastowner: 17420cb1-ec96-31e0-9ded-085a45fff1f5
