world: 0ac66a48-0e5a-4639-a63f-36ef4db83d06
world-name: world
x: -543.6999999880791
y: -34.0
z: -1325.300000011921
yaw: -96.7542724609375
pitch: 64.7999267578125
name: Skeleton_Spawner
lastowner: 17420cb1-ec96-31e0-9ded-085a45fff1f5
