world: 0ac66a48-0e5a-4639-a63f-36ef4db83d06
world-name: world
x: -101.43588699511676
y: 235.0
z: -180.23618361012836
yaw: 179.84996032714844
pitch: 0.7499841451644897
name: Spawn
lastowner: 2d07a586-6893-44ad-85f2-156cfcc73a09
