world: 0ac66a48-0e5a-4639-a63f-36ef4db83d06
world-name: world
x: 134.5440359102881
y: 63.0
z: -113.71244512453568
yaw: -144.29881286621094
pitch: 48.0
name: Taco
lastowner: 17420cb1-ec96-31e0-9ded-085a45fff1f5
