world: 0ac66a48-0e5a-4639-a63f-36ef4db83d06
world-name: world
x: 121.21670715025513
y: 65.0
z: -140.23587336536423
yaw: -179.6776123046875
pitch: 4.740293502807617
name: Town
lastowner: 2d07a586-6893-44ad-85f2-156cfcc73a09
