world: 0ac66a48-0e5a-4639-a63f-36ef4db83d06
world-name: world
x: 243.68758
y: 67.0
z: -570.31775
yaw: 178.16583251953125
pitch: 0.4475555419921875
name: Trading_Hall
lastowner: 2d07a586-6893-44ad-85f2-156cfcc73a09
