world: 0ac66a48-0e5a-4639-a63f-36ef4db83d06
world-name: world
x: 6.36981680624315
y: 64.0
z: -91.59711212391348
yaw: -25.49945068359375
pitch: 41.39994430541992
name: Waterfall_Bar
lastowner: 17420cb1-ec96-31e0-9ded-085a45fff1f5
